0.218193 1.000000
0.347813 0.998356
0.422350 0.995207
0.462786 0.992280
0.491254 0.989779
0.513579 0.987679
0.531826 0.985753
0.547550 0.983857
0.561512 0.982020
0.573983 0.980446
0.585196 0.978891
0.595421 0.977430
0.604782 0.975967
0.613407 0.974580
0.621397 0.973213
0.628810 0.971871
0.635805 0.970578
0.642343 0.969242
0.648511 0.968087
0.654390 0.967025
0.659845 0.965915
0.664943 0.964800
0.669826 0.963812
0.674497 0.962860
0.678924 0.961939
0.683149 0.960969
0.687138 0.960063
0.690926 0.959193
0.694535 0.958350
0.697935 0.957504
0.701166 0.956669
0.704270 0.955842
0.707270 0.955016
0.710097 0.954141
0.712818 0.953233
0.715392 0.952341
0.717908 0.951522
0.720320 0.950680
0.722637 0.949878
0.724867 0.949063
0.727036 0.948259
0.729183 0.947442
0.731262 0.946675
0.733291 0.945925
0.735269 0.945175
0.737161 0.944401
0.738964 0.943663
0.740632 0.942923
0.742262 0.942216
0.743821 0.941484
0.745288 0.940828
0.746696 0.940122
0.748076 0.939465
0.749396 0.938862
0.750664 0.938302
0.751839 0.937722
0.752949 0.937137
0.753972 0.936585
0.754939 0.936003
0.755879 0.935439
0.756753 0.934778
0.757597 0.934106
0.758366 0.933533
0.759114 0.933026
0.759808 0.932559
0.760483 0.932068
0.761103 0.931644
0.761722 0.931274
0.762292 0.930924
0.762873 0.930560
0.763450 0.930222
0.764051 0.929880
0.764622 0.929518
0.765199 0.929113
0.765776 0.928698
0.766373 0.928325
0.767005 0.927932
0.767624 0.927526
0.768909 0.926440
0.770586 0.925212
0.772104 0.923952
0.773796 0.922522
0.775269 0.920704
0.776903 0.918932
0.778402 0.917595
0.780348 0.916159
0.781817 0.915053
0.783540 0.913839
0.785162 0.912667
0.787182 0.911517
0.788823 0.910698
0.790294 0.909539
0.791675 0.908397
0.793853 0.907209
0.795474 0.906121
0.796916 0.905036
0.798693 0.904016
0.800109 0.903281
0.801883 0.902130
0.803450 0.901084
0.804618 0.900021
0.806131 0.899076
0.807649 0.897708
0.808979 0.896630
0.809883 0.895724
0.811007 0.894222
0.812304 0.893247
0.813365 0.892163
0.814198 0.891214
0.815478 0.890190
0.816458 0.889137
0.817393 0.888136
0.818679 0.887222
0.819757 0.885886
0.821261 0.884905
0.822297 0.883804
0.823209 0.883005
0.824497 0.882107
0.825544 0.881003
0.826997 0.879821
0.828543 0.878873
0.829761 0.877414
0.831361 0.876347
0.832897 0.874891
0.834258 0.874080
0.836335 0.872531
0.838400 0.871154
0.839611 0.869965
0.842358 0.867047
0.846327 0.865244
0.848134 0.863635
0.850305 0.862408
0.851908 0.860855
0.852911 0.859548
0.853933 0.858240
0.854623 0.857163
0.855518 0.855385
0.856307 0.854356
0.856850 0.853225
0.857533 0.852214
0.858196 0.850864
0.858713 0.849712
0.859308 0.848625
0.859903 0.846909
0.860511 0.845471
0.861480 0.844150
0.862127 0.842987
0.863349 0.841773
0.864694 0.840464
0.865401 0.839225
0.866140 0.838076
0.866606 0.836888
0.867346 0.835566
0.868097 0.834189
0.868930 0.832723
0.869755 0.831108
0.870555 0.829551
0.871108 0.828090
0.872092 0.826399
0.872995 0.825188
0.873573 0.823410
0.874269 0.821672
0.874868 0.820014
0.875454 0.818397
0.876412 0.816633
0.877367 0.815544
0.878009 0.813514
0.878670 0.811594
0.879068 0.810108
0.879617 0.808531
0.880316 0.807330
0.881083 0.805544
0.881637 0.804105
0.882360 0.802407
0.882831 0.800977
0.883562 0.799163
0.884450 0.797507
0.885227 0.795555
0.885748 0.793873
0.887214 0.792058
0.887376 0.789848
0.888724 0.788263
0.889549 0.786297
0.889976 0.784507
0.890506 0.782384
0.891110 0.780495
0.891539 0.778588
0.892058 0.776294
0.892252 0.774126
0.892544 0.771736
0.892827 0.769650
0.893611 0.766902
0.894849 0.764807
0.895311 0.763252
0.895696 0.761236
0.896130 0.759194
0.896276 0.757132
0.896597 0.755591
0.897446 0.753686
0.897963 0.751632
0.898479 0.749957
0.898903 0.747927
0.899549 0.745808
0.899784 0.743943
0.900085 0.742597
0.900321 0.741027
0.900374 0.738589
0.901304 0.736473
0.902117 0.734471
0.902519 0.732404
0.902730 0.730477
0.903246 0.727900
0.903713 0.725213
0.904128 0.723021
0.904367 0.720902
0.904508 0.718499
0.904736 0.715837
0.904984 0.712872
0.905249 0.710837
0.905724 0.707844
0.906190 0.704777
0.907068 0.702011
0.907360 0.698176
0.908501 0.695406
0.909696 0.692405
0.910092 0.688541
0.910572 0.685056
0.911018 0.680638
0.911725 0.675950
0.912557 0.671446
0.913443 0.666990
0.913679 0.662817
0.913982 0.657390
0.914514 0.652242
0.915307 0.647210
0.915767 0.642182
0.916183 0.636713
0.916691 0.631030
0.917822 0.624459
0.918643 0.617790
0.919231 0.609915
0.920016 0.601703
0.920917 0.593476
0.921856 0.584456
0.922465 0.575219
0.923526 0.565582
0.924217 0.555132
0.924897 0.543900
0.926100 0.530543
0.926849 0.515433
0.927663 0.499247
0.928377 0.480950
0.929864 0.460764
0.933558 0.434571
0.935875 0.398821
0.942367 0.337814
