1.000000 1.000000
0.998356 0.521124
0.995207 0.375015
0.992280 0.312914
0.989779 0.275235
0.987679 0.248696
0.985753 0.228737
0.983857 0.212822
0.982020 0.199650
0.980446 0.188562
0.978891 0.179066
0.977430 0.170795
0.975967 0.163484
0.974580 0.156987
0.973213 0.151171
0.971871 0.145943
0.970578 0.141192
0.969242 0.136844
0.968087 0.132867
0.967025 0.129197
0.965915 0.125827
0.964800 0.122711
0.963812 0.119803
0.962860 0.117078
0.961939 0.114535
0.960969 0.112139
0.960063 0.109886
0.959193 0.107754
0.958350 0.105728
0.957504 0.103804
0.956669 0.101979
0.955842 0.100240
0.955016 0.098573
0.954141 0.096995
0.953233 0.095494
0.952341 0.094057
0.951522 0.092676
0.950680 0.091348
0.949878 0.090078
0.949063 0.088861
0.948259 0.087687
0.947442 0.086559
0.946675 0.085478
0.945925 0.084441
0.945175 0.083438
0.944401 0.082495
0.943663 0.081582
0.942923 0.080724
0.942216 0.079903
0.941484 0.079109
0.940828 0.078361
0.940122 0.077643
0.939465 0.076961
0.938862 0.076316
0.938302 0.075699
0.937722 0.075120
0.937137 0.074569
0.936585 0.074045
0.936003 0.073548
0.935439 0.073072
0.934778 0.072626
0.934106 0.072195
0.933533 0.071798
0.933026 0.071413
0.932559 0.071048
0.932068 0.070693
0.931644 0.070355
0.931274 0.070021
0.930924 0.069706
0.930560 0.069391
0.930222 0.069081
0.929880 0.068777
0.929518 0.068477
0.929113 0.068177
0.928698 0.067872
0.928325 0.067573
0.927932 0.067256
0.927526 0.066924
0.926440 0.065993
0.925212 0.065038
0.923952 0.064121
0.922522 0.063228
0.920704 0.062337
0.918932 0.061416
0.917595 0.060538
0.916159 0.059509
0.915053 0.058586
0.913839 0.057618
0.912667 0.056830
0.911517 0.056088
0.910698 0.055205
0.909539 0.054403
0.908397 0.053652
0.907209 0.052663
0.906121 0.051988
0.905036 0.051294
0.904016 0.050540
0.903281 0.049842
0.902130 0.048991
0.901084 0.048284
0.900021 0.047734
0.899076 0.047087
0.897708 0.046429
0.896630 0.045794
0.895724 0.045294
0.894222 0.044780
0.893247 0.044248
0.892163 0.043685
0.891214 0.043211
0.890190 0.042551
0.889137 0.042048
0.888136 0.041582
0.887222 0.041186
0.885886 0.040686
0.884905 0.040153
0.883804 0.039644
0.883005 0.039214
0.882107 0.038746
0.881003 0.038314
0.879821 0.037837
0.878873 0.037323
0.877414 0.036767
0.876347 0.036319
0.874891 0.035703
0.874080 0.035314
0.872531 0.034751
0.871154 0.034208
0.869965 0.033775
0.867047 0.032954
0.865244 0.032222
0.863635 0.031715
0.862408 0.031202
0.860855 0.030780
0.859548 0.030418
0.858240 0.030034
0.857163 0.029699
0.855385 0.029365
0.854356 0.029009
0.853225 0.028761
0.852214 0.028500
0.850864 0.028222
0.849712 0.027958
0.848625 0.027704
0.846909 0.027391
0.845471 0.027155
0.844150 0.026829
0.842987 0.026551
0.841773 0.026252
0.840464 0.025949
0.839225 0.025683
0.838076 0.025440
0.836888 0.025230
0.835566 0.024932
0.834189 0.024678
0.832723 0.024484
0.831108 0.024177
0.829551 0.024004
0.828090 0.023797
0.826399 0.023540
0.825188 0.023328
0.823410 0.023108
0.821672 0.022855
0.820014 0.022677
0.818397 0.022473
0.816633 0.022184
0.815544 0.021949
0.813514 0.021725
0.811594 0.021483
0.810108 0.021328
0.808531 0.021138
0.807330 0.020948
0.805544 0.020761
0.804105 0.020584
0.802407 0.020349
0.800977 0.020188
0.799163 0.019982
0.797507 0.019767
0.795555 0.019528
0.793873 0.019310
0.792058 0.019098
0.789848 0.018955
0.788263 0.018775
0.786297 0.018600
0.784507 0.018433
0.782384 0.018257
0.780495 0.018031
0.778588 0.017845
0.776294 0.017697
0.774126 0.017593
0.771736 0.017463
0.769650 0.017332
0.766902 0.017108
0.764807 0.016975
0.763252 0.016868
0.761236 0.016743
0.759194 0.016601
0.757132 0.016483
0.755591 0.016356
0.753686 0.016218
0.751632 0.016069
0.749957 0.015919
0.747927 0.015674
0.745808 0.015521
0.743943 0.015418
0.742597 0.015310
0.741027 0.015197
0.738589 0.015082
0.736473 0.014928
0.734471 0.014765
0.732404 0.014630
0.730477 0.014494
0.727900 0.014287
0.725213 0.014130
0.723021 0.013974
0.720902 0.013864
0.718499 0.013721
0.715837 0.013584
0.712872 0.013474
0.710837 0.013370
0.707844 0.013227
0.704777 0.013092
0.702011 0.012942
0.698176 0.012808
0.695406 0.012602
0.692405 0.012369
0.688541 0.012226
0.685056 0.011984
0.680638 0.011750
0.675950 0.011519
0.671446 0.011330
0.666990 0.011126
0.662817 0.011023
0.657390 0.010842
0.652242 0.010651
0.647210 0.010392
0.642182 0.010207
0.636713 0.010055
0.631030 0.009834
0.624459 0.009552
0.617790 0.009339
0.609915 0.009106
0.601703 0.008794
0.593476 0.008563
0.584456 0.008338
0.575219 0.008053
0.565582 0.007619
0.555132 0.007308
0.543900 0.007022
0.530543 0.006759
0.515433 0.006394
0.499247 0.006012
0.480950 0.005687
0.460764 0.005143
0.434571 0.004562
0.398821 0.003853
0.337814 0.002585
