0.357221 1.000000
0.442381 0.994377
0.500707 0.986374
0.534885 0.978034
0.559855 0.972070
0.579228 0.967259
0.594808 0.963202
0.607998 0.959460
0.619523 0.955837
0.629483 0.952497
0.638277 0.949378
0.646158 0.946476
0.653385 0.943811
0.660126 0.941200
0.666356 0.938624
0.672089 0.936121
0.677437 0.933732
0.682392 0.931362
0.687105 0.929159
0.691575 0.927045
0.695809 0.924960
0.699793 0.922953
0.703539 0.921000
0.707146 0.919096
0.710570 0.917246
0.713796 0.915432
0.716770 0.913595
0.719583 0.911830
0.722165 0.910069
0.724595 0.908339
0.726873 0.906634
0.729035 0.904954
0.731054 0.903344
0.732973 0.901781
0.734786 0.900261
0.736550 0.898809
0.738226 0.897388
0.739747 0.895999
0.741238 0.894650
0.742666 0.893347
0.744036 0.892082
0.745319 0.890805
0.746583 0.889572
0.747784 0.888334
0.748855 0.887149
0.749975 0.885990
0.750989 0.884799
0.751966 0.883746
0.752917 0.882661
0.753788 0.881590
0.754622 0.880522
0.755421 0.879480
0.756202 0.878458
0.756890 0.877466
0.757569 0.876461
0.758195 0.875515
0.758781 0.874604
0.759310 0.873685
0.759859 0.872868
0.760320 0.872018
0.760767 0.871154
0.761166 0.870347
0.761558 0.869600
0.761888 0.868832
0.762205 0.868063
0.762499 0.867347
0.762800 0.866682
0.763077 0.866004
0.763383 0.865394
0.763675 0.864807
0.763946 0.864200
0.764231 0.863623
0.764543 0.863081
0.764849 0.862541
0.765177 0.862009
0.765526 0.861502
0.765921 0.861031
0.766322 0.860558
0.767740 0.859739
0.769548 0.858871
0.771360 0.857843
0.773177 0.856885
0.775144 0.855654
0.776386 0.854840
0.778180 0.853528
0.779613 0.852190
0.781277 0.850634
0.783056 0.849421
0.784754 0.848108
0.786257 0.846647
0.787381 0.845307
0.789151 0.843749
0.790833 0.842451
0.792289 0.840965
0.793548 0.839230
0.795211 0.838021
0.796729 0.836926
0.798280 0.835169
0.799471 0.833198
0.801284 0.831465
0.802348 0.830094
0.803625 0.828254
0.805118 0.825995
0.806696 0.824438
0.809021 0.822980
0.810783 0.821315
0.812368 0.819927
0.814048 0.818118
0.815360 0.816186
0.816852 0.814418
0.818652 0.812530
0.820047 0.811234
0.821790 0.809686
0.823554 0.808184
0.825078 0.806611
0.826620 0.804979
0.828096 0.803414
0.829623 0.801664
0.831066 0.799843
0.831851 0.797535
0.832932 0.795419
0.834085 0.793056
0.835307 0.791174
0.836714 0.789525
0.838545 0.787654
0.840943 0.785633
0.842547 0.784144
0.843659 0.782705
0.845972 0.780484
0.847931 0.778054
0.849752 0.775760
0.850672 0.773748
0.851875 0.771396
0.852792 0.769511
0.853938 0.767736
0.855403 0.765710
0.856290 0.763987
0.857198 0.761859
0.857887 0.760172
0.858957 0.758050
0.859335 0.756598
0.860376 0.755418
0.860849 0.753678
0.862145 0.751606
0.863147 0.749441
0.864193 0.747594
0.864581 0.745507
0.865652 0.743652
0.866288 0.741783
0.867247 0.739962
0.867801 0.738561
0.868266 0.736713
0.869035 0.734547
0.869932 0.732167
0.871295 0.730104
0.872407 0.728036
0.873841 0.725700
0.874746 0.723696
0.876380 0.721797
0.877328 0.719914
0.877734 0.717953
0.878589 0.715781
0.879861 0.713812
0.880450 0.711772
0.880979 0.709930
0.882089 0.707855
0.883079 0.704609
0.883893 0.701942
0.884391 0.699744
0.885019 0.697337
0.885499 0.695564
0.886434 0.693504
0.887030 0.691145
0.887881 0.689207
0.888915 0.687518
0.889793 0.685862
0.890363 0.683471
0.891724 0.681491
0.893100 0.679807
0.894280 0.677520
0.894835 0.675338
0.895646 0.672774
0.896356 0.670823
0.897186 0.668342
0.897612 0.666725
0.898140 0.664891
0.898736 0.662964
0.899785 0.661089
0.900319 0.658585
0.900706 0.656335
0.901530 0.653880
0.902106 0.651010
0.902300 0.648858
0.902737 0.647360
0.903227 0.645869
0.903821 0.644150
0.904481 0.643018
0.905281 0.641595
0.905562 0.640041
0.906281 0.638628
0.906925 0.637255
0.907058 0.635999
0.907639 0.634477
0.907950 0.633205
0.908033 0.631844
0.907975 0.630550
0.908813 0.628543
0.909308 0.626709
0.909333 0.625544
0.909468 0.623883
0.909896 0.622319
0.910148 0.620400
0.910839 0.618647
0.911049 0.616643
0.910753 0.614385
0.911453 0.612211
0.912355 0.610035
0.913003 0.607598
0.913500 0.605959
0.913649 0.603341
0.913969 0.602034
0.914614 0.599848
0.915078 0.596886
0.915142 0.594769
0.915378 0.591489
0.916317 0.588797
0.916485 0.585364
0.917162 0.581485
0.916748 0.578190
0.917604 0.574457
0.917794 0.569943
0.918024 0.566488
0.920196 0.562702
0.920735 0.559270
0.921147 0.555218
0.922972 0.550572
0.925136 0.546223
0.925633 0.541092
0.926057 0.536018
0.928095 0.530889
0.928090 0.524828
0.928752 0.519335
0.928604 0.512836
0.928749 0.506272
0.930305 0.499467
0.930258 0.491245
0.930652 0.481931
0.930414 0.471340
0.930590 0.460539
0.930480 0.449143
0.934730 0.437057
0.936061 0.419795
0.937627 0.401122
0.938186 0.376410
0.940631 0.343051
0.933660 0.277419
