1.000000 1.000000
0.994377 0.702796
0.986374 0.559795
0.978034 0.488219
0.972070 0.441542
0.967259 0.407885
0.963202 0.381889
0.959460 0.360649
0.955837 0.342792
0.952497 0.327801
0.949378 0.314862
0.946476 0.303628
0.943811 0.293586
0.941200 0.284471
0.938624 0.276234
0.936121 0.268731
0.933732 0.261812
0.931362 0.255499
0.929159 0.249558
0.927045 0.244046
0.924960 0.238886
0.922953 0.234088
0.921000 0.229575
0.919096 0.225240
0.917246 0.221226
0.915432 0.217423
0.913595 0.213876
0.911830 0.210523
0.910069 0.207437
0.908339 0.204475
0.906634 0.201724
0.904954 0.199095
0.903344 0.196655
0.901781 0.194359
0.900261 0.192170
0.898809 0.190079
0.897388 0.188131
0.895999 0.186302
0.894650 0.184555
0.893347 0.182882
0.892082 0.181274
0.890805 0.179781
0.889572 0.178303
0.888334 0.176899
0.887149 0.175642
0.885990 0.174357
0.884799 0.173122
0.883746 0.171993
0.882661 0.170907
0.881590 0.169878
0.880522 0.168892
0.879480 0.167953
0.878458 0.167044
0.877466 0.166237
0.876461 0.165388
0.875515 0.164650
0.874604 0.163917
0.873685 0.163264
0.872868 0.162605
0.872018 0.162003
0.871154 0.161421
0.870347 0.160892
0.869600 0.160387
0.868832 0.159941
0.868063 0.159493
0.867347 0.159075
0.866682 0.158655
0.866004 0.158252
0.865394 0.157852
0.864807 0.157459
0.864200 0.157086
0.863623 0.156727
0.863081 0.156348
0.862541 0.155966
0.862009 0.155565
0.861502 0.155170
0.861031 0.154754
0.860558 0.154312
0.859739 0.152785
0.858871 0.150536
0.857843 0.148544
0.856885 0.146503
0.855654 0.144472
0.854840 0.143104
0.853528 0.141102
0.852190 0.139560
0.850634 0.137865
0.849421 0.135971
0.848108 0.134303
0.846647 0.132875
0.845307 0.131585
0.843749 0.129774
0.842451 0.127976
0.840965 0.126415
0.839230 0.124886
0.838021 0.123327
0.836926 0.121858
0.835169 0.120191
0.833198 0.118928
0.831465 0.116989
0.830094 0.115859
0.828254 0.114379
0.825995 0.112821
0.824438 0.111467
0.822980 0.109618
0.821315 0.108124
0.819927 0.106799
0.818118 0.105306
0.816186 0.104112
0.814418 0.102534
0.812530 0.101319
0.811234 0.099885
0.809686 0.098361
0.808184 0.096731
0.806611 0.095210
0.804979 0.094047
0.803414 0.092738
0.801664 0.091412
0.799843 0.090321
0.797535 0.089528
0.795419 0.088520
0.793056 0.087241
0.791174 0.086081
0.789525 0.084751
0.787654 0.083330
0.785633 0.081613
0.784144 0.080516
0.782705 0.079406
0.780484 0.077444
0.778054 0.076118
0.775760 0.074655
0.773748 0.073672
0.771396 0.072674
0.769511 0.071807
0.767736 0.070829
0.765710 0.069771
0.763987 0.069062
0.761859 0.068366
0.760172 0.067677
0.758050 0.066682
0.756598 0.066321
0.755418 0.065266
0.753678 0.064757
0.751606 0.063882
0.749441 0.063063
0.747594 0.061954
0.745507 0.061435
0.743652 0.060501
0.741783 0.059748
0.739962 0.058796
0.738561 0.058169
0.736713 0.057584
0.734547 0.056878
0.732167 0.056038
0.730104 0.054992
0.728036 0.054158
0.725700 0.053472
0.723696 0.052686
0.721797 0.051681
0.719914 0.050930
0.717953 0.050464
0.715781 0.049845
0.713812 0.048991
0.711772 0.048494
0.709930 0.048086
0.707855 0.047218
0.704609 0.046421
0.701942 0.045882
0.699744 0.045383
0.697337 0.044859
0.695564 0.044570
0.693504 0.043958
0.691145 0.043455
0.689207 0.042923
0.687518 0.042315
0.685862 0.041753
0.683471 0.041255
0.681491 0.040602
0.679807 0.040001
0.677520 0.039266
0.675338 0.038816
0.672774 0.038326
0.670823 0.037860
0.668342 0.037527
0.666725 0.037189
0.664891 0.036764
0.662964 0.036290
0.661089 0.035870
0.658585 0.035399
0.656335 0.035008
0.653880 0.034617
0.651010 0.034194
0.648858 0.033809
0.647360 0.033480
0.645869 0.033127
0.644150 0.032852
0.643018 0.032488
0.641595 0.032005
0.640041 0.031716
0.638628 0.031320
0.637255 0.030945
0.635999 0.030770
0.634477 0.030465
0.633205 0.030177
0.631844 0.029998
0.630550 0.029923
0.628543 0.029620
0.626709 0.029311
0.625544 0.029139
0.623883 0.028901
0.622319 0.028557
0.620400 0.028269
0.618647 0.028010
0.616643 0.027825
0.614385 0.027623
0.612211 0.027341
0.610035 0.026974
0.607598 0.026670
0.605959 0.026453
0.603341 0.026178
0.602034 0.026004
0.599848 0.025678
0.596886 0.025415
0.594769 0.025255
0.591489 0.024955
0.588797 0.024534
0.585364 0.024261
0.581485 0.023883
0.578190 0.023684
0.574457 0.023236
0.569943 0.022836
0.566488 0.022568
0.562702 0.022342
0.559270 0.022012
0.555218 0.021675
0.550572 0.021083
0.546223 0.020385
0.541092 0.019977
0.536018 0.019657
0.530889 0.019189
0.524828 0.018690
0.519335 0.018123
0.512836 0.017458
0.506272 0.016939
0.499467 0.016264
0.491245 0.015849
0.481931 0.015197
0.471340 0.014531
0.460539 0.013885
0.449143 0.013350
0.437057 0.012543
0.419795 0.011699
0.401122 0.010700
0.376410 0.009316
0.343051 0.007286
0.277419 0.005057
